310.96
132.61
315.12
133.23
317.89
124.11
317.39
189.12
178.66
208.69
150.69
114.63
166.86
287.17
173.19
308.09
293.34
221.19
296.36
280.23
251.29
112.39
175.91
163.31
296.35
163.13
190.10
182.15
164.92
288.27
222.48
235.20
231.37
168.99
174.92
181.06
247.39
118.51
277.24
241.41
116.21
182.61
183.14
227.98
106.25
115.96
305.85
163.56
228.17
205.34
284.09
250.28
147.60
290.15
247.26
257.74
300.16
224.83
109.27
293.95
110.48
321.58
195.59
160.08
295.43
237.29
214.62
286.89
307.20
304.89
204.48
216.93
115.29
313.78
179.57
267.59
128.62
249.38
239.78
162.02
184.17
177.73
177.82
132.51
220.97
298.92
166.55
196.06
159.88
203.41
178.45
209.37
264.62
156.81
230.30
226.10
260.59
196.77
236.06
235.41
803.78
1530.44
848.26
1781.41
1169.53
666.24
1456.78
1613.51
805.34
1474.13
753.46
1486.94
1706.72
1610.38
1753.06
1454.76
826.62
746.16
1474.21
768.37
1762.01
1617.94
876.58
1224.90
780.29
1617.66
751.16
547.78
650.23
796.32
1496.25
962.54
1094.91
866.14
1488.27
711.77
1393.61
1598.13
1478.67
914.60
774.76
969.33
1088.19
770.06
1108.09
1579.26
1605.34
1574.03
893.13
1494.45
920.21
1561.90
1017.31
1558.49
1398.31
905.41
1250.49
1443.45
743.29
742.52
1516.29
576.61
1096.66
890.79
1509.43
1704.80
719.45
575.79
1771.43
418.20
670.68
946.67
852.72
1391.37
1416.11
1716.36
1596.23
781.32
657.77
774.99
1579.77
1444.67
934.13
1777.58
1139.03
1351.10
808.78
897.75
860.97
1557.51
1526.25
1543.00
975.63
621.43
545.44
1101.40
1086.16
596.44
616.66
903.77
1856.75
1542.09
1568.80
1062.10
1451.80
1916.21
1194.11
969.37
1150.76
1780.18
1565.55
1578.84
1543.11
1148.03
1762.77
1693.36
1573.01
1186.37
1698.13
1676.47
1045.53
1377.92
1924.23
1748.78
1597.22
701.59
1262.40
1728.78
1114.13
1709.19
672.62
1584.82
1160.61
520.79
1014.13
1791.26
1137.00
1614.19
1676.03
1513.43
1176.86
1452.01
839.91
1586.98
1620.17
1781.21
1751.78
1886.40
1591.94
1817.11
1327.67
1280.06
1772.25
1548.39
1836.16
1107.43
1480.69
904.45
1702.47
1231.00
1517.14
1045.58
1789.28
1300.12
1610.10
1721.16
1780.73
1256.66
1420.17
1812.53
1659.71
1723.85
1543.96
1098.81
893.96
1019.60
1786.87
1259.03
1603.61
1001.36
1804.32
1152.24
1418.52
1860.46
1566.14
1786.94
1831.53
814.53
1739.12
1149.90
1819.55
1705.20
1806.29
1882.84
1106.39
1442.90
1079.09
1262.44
1634.17
1716.17
1207.88
922.09
1415.60
875.98
1339.53
808.47
1273.83
1461.31
1410.06
1535.85
1013.66
1387.28
978.14
1372.62
1327.91
788.37
1141.22
703.93
1347.80
1303.42
1531.24
876.80
803.34
1408.63
1443.59
1374.22
1319.92
1495.48
1279.65
934.72
555.08
686.82
751.04
1757.83
1425.92
789.81
752.28
516.00
1089.92
1189.25
634.62
878.05
1430.61
1182.67
837.55
955.18
1465.39
635.41
910.59
1221.06
1601.86
1021.51
752.39
1216.52
691.71
716.70
1423.01
1476.33
650.86
671.75
739.71
1330.47
1712.85
1440.67
595.14
1740.51
1798.18
910.09
700.01
1379.87
968.60
1313.56
1484.53
1382.18
1472.53
998.56
1412.51
674.94
784.01
1109.77
747.74
1132.16
1405.06
646.38
1142.27
882.04
1756.25
550.70
845.71
1587.56
753.19
1103.41
834.20
1368.26
1599.66
1042.89
1439.63
918.61
1113.11
1525.90
999.59
447.72
878.90
870.68
513.27
364.88
850.92
722.56
610.80
894.06
472.12
575.91
871.04
863.46
731.93
525.68
1023.54
534.12
874.82
392.51
837.65
374.74
662.30
817.65
534.34
564.39
898.27
466.59
402.08
911.19
450.64
686.10
584.75
680.26
446.53
1094.51
743.14
548.41
885.52
497.10
870.92
836.38
355.99
231.12
494.06
911.93
603.78
539.59
851.64
477.90
415.98
426.01
499.28
691.83
1369.53
695.95
893.93
895.42
551.60
1124.36
957.22
937.13
821.78
771.48
1530.94
604.19
996.68
1375.66
1398.80
438.60
774.60
844.51
1011.93
1293.23
821.51
1056.68
972.53
1151.71
1061.41
535.21
374.92
768.47
426.37
473.20
971.17
777.61
1199.73
917.11
738.32
1226.51
561.28
543.59
580.29
884.37
554.88
447.30
957.15
804.29
1002.63
934.11
920.35
894.85
693.77
379.87
930.60
320.09
1056.37
646.91
889.33
601.71
826.41
707.87
678.17
528.88
412.55
856.95
817.23
1477.91
849.30
566.69
1057.02
980.15
1446.55
530.90
631.06
526.55
653.53
1162.82
1069.80
493.32
688.61
910.96
1186.62
740.85
449.95
1162.82
1230.09
469.64
1018.94
642.73
1186.49
898.21
769.82
327.96
558.98
518.51
1407.12
1079.16
534.70
1031.37
1335.13
1278.83
1324.99
1462.29
1386.99
536.32
734.94
748.64
1361.46
1295.60
835.93
1422.21
958.48
691.26
1302.47
752.55
731.96
642.72
932.25
1448.26
680.23
575.11
793.00
1510.63
1317.61
757.25
1394.05
731.10
1419.08
592.13
678.77
1293.82
660.98
586.86
840.49
1329.39
1456.98
959.68
1366.10
1460.57
1418.49
975.35
1017.23
1457.15
795.00
555.68
1432.61
1441.42
807.59
1367.00
1416.84
721.37
1487.34
1402.04
622.83
1298.51
777.17
553.73
773.13
1331.03
845.68
1012.03
1348.65
1444.78
1291.63
811.22
1360.51
1396.81
1388.66
657.12
1496.72
496.77
1383.83
550.41
905.29
1413.62
1492.73
695.26
1510.68
1332.61
824.40
525.93
771.58
1349.94
922.94
679.19
1376.40
1408.31
743.32
1406.96
540.73
928.80
715.50
973.33
1017.49
1357.60
639.30
1409.51
1432.17
711.99
1659.11
1774.15
1792.13
1728.33
1797.17
1852.48
1761.97
1886.93
1820.28
1839.11
1897.19
1864.26
1689.11
1884.25
1803.34
1798.12
1741.54
1762.21
1721.78
1788.78
1734.17
1683.73
1765.87
1816.80
1768.35
1837.79
1669.28
1878.92
1605.94
1840.56
1776.93
1730.80
1859.15
1874.84
1825.21
1776.13
1709.62
1819.77
1886.52
1610.82
1678.64
1821.41
1855.57
1668.66
1680.78
1844.89
1678.70
1775.08
1856.64
1897.19
1737.16
1774.86
1792.27
1698.82
1844.53
1772.10
1813.35
1737.91
1805.74
1796.94
1831.59
1693.91
1806.62
1744.20
1824.85
1808.79
1873.30
1771.88
1871.81
1716.69
1852.54
1679.33
1694.22
1876.03
1804.68
1897.19
1649.14
1818.33
1799.53
1789.95
1791.69
1628.51
1715.83
1871.77
876.94
1666.43
1810.06
1624.33
1784.29
1841.51
857.88
1823.28
1831.82
1694.00
1777.09
1729.05
1897.19
1813.74
776.07
1753.63
1365.15
1186.66
899.74
1887.01
1327.72
769.36
1205.16
1294.61
654.06
1329.10
1962.71
1503.95
1852.78
1676.55
1523.60
1962.10
1645.36
1696.39
1855.17
1574.55
1309.75
1976.56
1695.00
1763.13
1674.84
1484.46
1425.35
841.84
1849.51
1458.60
1820.23
1429.37
1886.90
1081.82
1580.71
1916.73
666.44
1779.28
1561.38
371.67
1837.95
1796.27
1214.65
637.53
1317.87
1679.72
2002.10
797.02
1643.97
1475.40
355.19
1371.70
1329.86
1938.73
1548.34
1064.40
1294.83
1865.35
1245.81
2066.94
1308.65
1126.20
1036.88
186.00
1408.35
1188.96
1190.11
1973.64
1370.87
856.06
1529.57
1371.27
1415.01
432.38
1385.05
1481.70
1380.05
1550.51
708.14
1514.58
1186.21
1028.56
1373.85
1633.01
542.85
1615.86
1371.14
1623.46
1090.15
1841.72
1885.63
1014.80
1369.21
1438.42
1508.89
1810.37
1866.42
1204.52
1138.82
1460.04
1680.66
1817.57
1658.95
1820.03
1932.19
1769.12
1768.13
1745.34
1339.47
1712.58
1429.53
1231.16
1036.85
1399.71
1475.40
1275.37
1523.93
1362.28
1583.80
1634.20
1074.80
1720.85
1692.58
1086.90
1156.94
1898.71
1094.82
1810.37
1435.56
1782.84
607.08
1710.06
1301.26
1073.41
623.65
1356.45
1087.26
1149.17
1777.15
1186.35
780.96
1275.38
796.54
1777.53
1013.13
1926.74
1875.95
1187.67
817.22
1658.23
1514.33
1608.21
1956.73
1899.91
1545.62
641.80
1438.47
723.67
1297.37
1724.46
1880.14
746.00
579.37
1282.82
1560.62
1189.85
853.15
1642.08
1605.82
1923.41
1879.65
2028.29
909.92
1805.94
1240.37
1314.22
1662.18
2110.90
1576.63
1728.05
1034.13
1939.31
1808.11
1552.88
1658.41
1391.98
540.55
1123.94
838.76
1467.27
1946.10
1894.07
1534.27
1356.61
993.92
1459.63
1682.14
1718.14
1220.08
1644.83
1533.81
1284.00
1905.22
1458.74
1099.46
1684.09
1374.96
1587.80
1460.43
1947.92
1423.88
1776.30
1810.37
1472.40
1754.35
2013.46
1783.93
1957.94
1586.59
1103.27
1370.68
2042.57
1854.01
1833.99
1242.32
1583.00
1058.54
555.19
1370.58
1632.52
1182.83
1166.06
1315.37
1731.63
1904.63
1477.63
1667.61
1961.97
1993.04
1737.83
1453.38
1459.63
1746.21
1588.03
1963.39
1725.23
1248.59
1799.64
1807.98
1906.32
663.84
716.52
1921.03
1623.35
1679.52
2111.33
1422.00
2017.98
1492.71
2001.59
1238.35
1792.93
761.21
1534.98
1642.94
489.80
1338.54
1465.91
1030.04
1774.15
1673.09
871.78
1407.06
1843.60
731.81
1332.82
1725.89
1911.10
1735.61
1466.17
1181.37
970.70
1161.14
1410.74
1431.10
818.01
776.05
967.58
1157.94
1589.05
1427.49
1338.15
1228.02
1285.47
1083.04
1525.62
579.56
1423.71
1388.45
1607.64
791.93
1446.89
874.22
2074.60
1475.40
1600.71
1835.17
1637.26
728.14
1840.78
1731.17
1122.79
1063.20
1524.88
1589.35
1303.90
1628.05
1656.34
1729.30
1603.57
363.22
1665.06
888.07
1551.97
1269.44
1498.11
1168.43
1514.45
1732.93
1158.45
1489.21
1265.87
1655.90
1540.39
1519.33
581.79
1455.87
1910.12
1692.49
950.37
1877.23
1463.64
1130.07
1688.21
1440.01
1475.40
465.47
1024.38
1841.98
1776.82
1013.57
1182.17
1794.03
1154.99
1598.96
1815.02
1622.92
1408.51
932.24
1819.81
1626.62
1669.02
1727.30
1509.43
1441.55
1624.71
1800.12
765.77
1773.97
1693.37
1421.38
1600.07
1987.64
800.94
1572.81
1513.79
1921.60
1754.91
1626.05
1490.03
1384.75
1909.59
1600.64
1052.64
1239.02
1239.60
1249.00
1367.51
1703.74
1876.56
1506.79
1418.92
1196.06
1450.59
1505.76
1189.14
1691.41
1713.52
1759.61
1172.54
1573.11
1618.17
318.20
2045.93
1373.09
1571.24
1632.27
1631.32
1816.73
1006.99
621.37
1221.16
714.18
1718.63
745.07
1816.33
470.00
1475.40
1768.96
1562.83
1547.15
1445.00
1288.79
1772.93
1112.31
1606.36
1635.41
1541.45
1898.77
1787.91
628.89
1679.04
677.63
1577.30
1424.29
1698.51
843.26
1432.71
1279.17
1054.00
1685.78
909.46
1542.24
1680.39
1671.22
1962.92
1787.13
1480.57
1277.01
1125.57
1810.37
1509.34
1471.60
1505.72
725.48
1115.22
1372.35
945.50
1887.16
1377.23
1836.65
523.81
1813.15
1464.05
1899.28
1682.81
502.36
889.03
1767.40
628.95
1143.88
1549.54
1466.36
1713.89
1320.37
1871.29
1263.86
1566.77
755.13
1563.18
1330.80
1173.11
1538.59
1437.46
1666.12
516.71
1045.17
778.78
1475.40
1438.29
1080.27
1275.94
1143.69
1071.90
1140.13
1567.44
1798.41
1959.06
1882.82
1475.40
1874.10
1765.26
1018.36
1296.74
740.15
1035.16
1582.67
1152.35
1805.42
1925.40
1583.88
622.87
1696.08
1235.71
1701.10
1810.37
1877.00
1262.52
1611.59
843.77
1630.78
1238.53
1094.02
1661.01
1296.85
1686.63
1778.83
949.90
1455.39
1530.49
723.66
1635.76
1322.13
900.18
1797.00
1350.68
1910.28
1208.22
431.92
1144.77
1393.34
1937.98
1638.87
1742.73
1326.89
1012.62
1567.37
1563.36
1306.80
1378.12
1825.32
1371.05
1653.62
1325.39
1655.27
1965.87
2014.42
1928.48
1202.56
1167.84
1044.02
1372.79
1422.47
1009.48
1839.17
1375.10
828.92
1459.63
1700.12
1362.00
1187.91
936.13
1366.20
1214.35
737.49
1322.90
1047.24
1498.96
1297.20
1200.32
1576.45
1125.27
1310.56
1321.23
1094.25
1389.66
1725.53
760.91
1810.37
1128.27
604.04
1319.78
974.06
1371.90
966.38
1667.83
1311.68
1629.23
1276.06
1810.37
1116.42
1459.63
1197.77
1529.78
2111.92
1876.26
1565.58
1219.85
627.85
1644.35
1546.97
1451.84
1362.94
1666.99
1717.10
1541.48
1350.68
1517.75
962.48
1897.35
1880.38
1982.28
1181.72
1636.28
1780.87
1518.62
1435.63
755.09
1774.45
1444.95
1669.47
1397.77
1009.60
1660.81
1613.32
1365.62
1846.29
1446.24
1587.00
695.23
1398.14
1988.94
1652.04
1737.00
1942.46
1808.67
1503.10
1790.99
1491.78
1528.01
1441.15
1549.54
1669.93
1920.91
899.58
701.80
1835.57
1345.69
1344.16
368.18
1414.88
887.01
977.53
1757.84
996.13
1587.80
1810.37
1800.66
1464.28
1823.48
1436.20
1099.88
1533.13
1878.01
1368.12
1612.19
905.36
1353.55
1097.99
1587.17
1536.60
1450.67
1392.23
1683.50
1613.27
1184.08
1643.50
1373.55
1503.36
1734.07
1235.31
1835.92
1463.19
1896.02
920.68
1756.88
1542.00
2104.63
1475.40
1109.69
1840.51
1680.11
1364.21
1188.52
1541.50
1895.51
1464.38
1700.27
1342.63
456.75
1597.99
986.00
1233.70
1308.09
1998.45
1220.08
1417.69
1597.64
1173.81
755.98
1667.54
1365.37
1443.67
1509.07
1112.19
1388.90
1442.20
1556.70
1587.80
1475.40
1972.10
1558.01
1245.31
1003.73
1553.64
1708.71
1620.79
1475.40
1510.67
585.73
1295.29
1018.09
878.10
1333.26
1710.09
1644.08
1772.13
1242.57
1631.03
797.25
1500.89
1795.54
1171.41
1893.08
1305.95
1760.02
658.30
641.66
1505.24
1135.70
1902.05
1367.61
2021.81
1503.18
1454.34
1670.53
1212.33
1001.50
1947.50
1678.64
609.86
1223.68
695.27
1391.84
854.88
1387.73
1616.20
1383.11
1760.55
655.40
846.05
598.78
1424.07
1015.18
1543.17
1094.46
2065.00
1605.22
277.41
1549.54
1174.99
695.53
1228.83
1411.69
1014.54
1776.65
1192.49
1658.46
802.32
434.39
1414.34
1197.70
1402.98
1484.65
1181.59
1699.56
338.02
481.64
1810.37
1653.20
691.02
1080.67
1358.77
1395.93
1535.03
1353.84
1789.13
479.39
1294.80
775.37
1459.63
1608.32
1736.43
1583.32
1587.80
1795.59
1351.81
1852.24
1299.80
1610.95
950.26
1514.52
1468.29
854.94
1514.94
1560.02
1593.55
1810.37
1518.02
1719.26
1355.03
1123.91
1336.79
1270.93
986.35
1810.37
1529.39
1459.63
1426.40
2066.06
1898.30
1860.20
438.39
1157.74
1087.42
2050.28
1438.46
1031.17
1511.53
968.74
1828.88
1783.06
1916.65
1611.93
1485.49
1045.56
2109.95
1624.01
472.07
1399.69
968.38
1292.10
1619.19
1361.78
1428.58
1643.71
1524.74
1822.21
1475.40
1126.40
531.08
1636.50
885.89
1565.09
1587.80
1070.56
602.37
867.60
1383.27
1164.14
1615.43
1086.91
1689.97
1617.97
705.76
1561.67
1396.78
1661.78
1290.91
1304.44
1622.11
1463.93
1843.00
2029.32
1826.34
1676.97
1256.20
1210.67
1467.03
1325.31
1556.11
1810.37
801.77
1729.73
1792.44
1900.59
1586.56
1242.41
1366.23
1141.96
1240.61
1724.34
758.73
288.69
1027.89
610.78
1241.77
1029.20
957.89
818.28
872.65
1434.44
1526.67
614.10
1296.23
1754.01
922.12
1701.20
1789.85
1336.24
1609.78
389.48
1368.24
1450.45
927.36
1324.43
1431.86
1195.07
1866.59
490.53
1532.58
700.69
1999.39
1172.34
1867.22
1081.74
1283.69
1187.44
1672.73
674.87
1359.54
528.76
1475.40
1810.37
1958.59
625.00
1783.48
780.60
1168.67
1108.27
1180.60
1754.31
1411.72
1437.05
1644.50
952.73
635.85
1069.16
1827.02
1722.47
1157.39
1864.31
2001.88
1629.78
962.10
1399.89
1587.80
800.13
1486.54
1169.05
1581.47
1428.60
1320.50
1568.49
1564.54
1373.39
1754.06
1682.38
1662.45
1335.17
1152.60
1566.15
1900.22
1088.39
1668.41
1367.05
992.09
1626.48
1681.41
1822.56
1113.96
1162.08
1268.26
1133.57
1760.57
1274.73
2013.37
526.12
1337.79
1576.04
1409.20
1314.34
1609.36
1929.13
1566.80
1170.81
1329.62
1810.37
1787.53
502.22
1843.85
714.48
1190.03
1679.18
1069.39
1445.69
705.20
1862.33
1586.57
1900.64
1923.56
1540.71
1532.75
1540.22
1937.90
1628.68
1340.91
832.33
875.34
1595.16
868.06
1687.37
1435.29
1327.39
2013.81
1614.71
1615.82
1540.72
1043.61
1821.93
1612.85
1903.56
560.27
1060.74
1345.83
1590.98
1817.03
1738.33
1508.85
1872.92
1577.84
1362.48
1446.81
1563.34
1587.80
1912.73
1020.75
1489.84
1220.89
1719.19
1025.89
1810.37
723.83
1468.70
940.53
1156.93
1171.75
1469.46
423.15
1373.14
1426.25
1499.14
1140.95
739.53
1149.85
1695.55
516.63
694.74
1620.15
1810.37
1369.89
1656.30
1695.24
1810.37
1470.23
1671.52
1516.99
1322.35
1749.73
1581.95
1083.77
767.50
1118.58
1166.18
1398.25
530.80
1549.72
1808.77
1810.37
1310.47
1375.30
1018.46
1702.29
1995.06
1297.77
1165.28
1865.88
1170.35
1319.64
1332.04
1634.60
895.39
1400.49
1852.98
1870.74
1892.84
1475.40
1518.04
1709.95
1520.03
1908.90
1645.27
1634.57
1804.17
1281.00
1789.45
1466.30
1424.20
1357.23
1434.23
1549.54
1411.05
1109.65
725.71
1810.37
1678.96
1142.27
1168.56
1093.43
1472.47
1223.11
633.25
659.32
1565.11
1810.37
1496.96
1372.45
2076.21
1887.08
1932.89
1255.62
1565.32
998.78
1268.28
1125.16
1833.28
730.66
1581.77
1105.92
1592.98
857.42
1375.66
1565.91
1092.63
1477.98
1700.31
606.77
1371.27
1294.07
1545.08
1555.52
1558.75
817.11
1329.00
1469.21
172.06
750.37
1885.92
1528.59
981.06
1182.93
1672.07
694.05
661.35
1794.16
1709.00
1799.09
1726.94
2025.30
1325.62
1523.47
1295.89
1728.07
1681.52
1503.22
1659.52
2042.83
660.03
1642.15
1414.43
1502.09
1512.04
853.27
1336.08
1671.09
1376.04
848.38
1373.75
1892.60
1610.67
958.95
1536.11
1522.66
1544.62
1814.86
1769.93
562.06
209.56
811.29
1562.14
1723.26
779.81
1583.55
1739.99
1914.15
1806.02
1754.11
759.83
1904.53
1688.47
1428.73
1771.74
1863.41
1289.91
1866.70
1438.45
1414.97
1394.46
962.47
1546.78
1554.26
1629.31
1345.32
1504.25
389.99
1803.25
1375.22
1405.82
481.68
921.14
1755.01
1640.82
1750.59
1026.23
1865.74
1435.30
800.75
1796.70
1382.51
921.37
734.40
1290.03
1837.71
1897.19
1408.21
548.17
1116.22
1110.67
992.77
1772.43
1163.12
1409.63
1283.54
1448.81
1404.81
1858.96
883.87
1413.75
1869.59
1654.62
454.05
2015.64
1502.46
1871.20
1866.23
824.61
1002.24
601.54
1674.55
1746.31
811.70
1172.41
1738.34
544.33
1301.76
921.97
1537.19
1523.60
1878.79
1008.83
1204.58
1185.47
1552.42
1826.00
813.72
1788.29
1420.07
1408.65
637.05
1725.51
1587.80
1835.90
1732.33
889.50
1459.63
1032.37
1797.61
1418.02
1486.59
1810.37
706.65
1124.38
1001.49
899.26
1358.48
1461.93
1808.68
1355.85
1597.36
1351.19
1258.21
1391.87
1663.26
1880.48
1157.62
1778.67
1577.67
1733.05
1413.31
1053.11
1443.47
1915.69
1681.33
891.92
1591.03
1549.54
1818.94
1567.88
1659.05
1655.59
1422.14
1518.22
1489.10
1822.27
1334.64
1485.00
945.91
1784.62
1756.14
475.95
1525.67
1942.66
1957.84
1310.46
1358.51
731.34
1024.00
1862.49
1193.70
1565.02
1268.54
817.78
1328.45
1584.99
1381.20
1690.38
1185.67
380.24
945.12
1605.51
2001.05
1610.30
1616.40
1951.06
1218.71
1525.07
1670.29
1673.67
1475.40
1494.02
1351.76
1560.10
1140.08
1486.75
1581.10
1149.41
894.80
678.65
1634.50
1176.34
1587.80
921.85
1416.91
1458.10
1620.66
1069.20
1288.93
1809.63
747.67
1988.59
1026.59
767.12
1601.82
993.87
1588.68
1958.46
1047.72
1873.83
2043.41
1791.25
785.26
494.28
885.97
1459.63
1665.70
781.70
1782.05
1853.53
1385.91
1653.18
821.67
605.73
1775.09
739.67
197.11
1230.99
1634.64
1819.08
1662.70
1944.15
1796.33
1897.64
1681.39
1453.42
1343.65
1810.37
1003.78
1474.87
1583.14
1802.83
1322.98
1722.06
1397.95
1615.38
1552.61
1466.39
1439.85
1198.20
2004.27
1012.83
1645.37
2065.93
759.37
1783.89
186.82
1988.95
1225.70
1744.74
1674.91
1202.70
1740.25
1991.59
1456.77
1475.72
675.25
1462.88
1843.87
1431.38
1329.22
1891.58
1257.32
1843.56
1639.78
1188.63
260.76
1824.29
472.61
320.53
1354.89
982.39
1797.28
1684.03
1549.19
1893.16
1579.22
1407.33
1569.29
1081.12
938.83
1665.75
1161.20
1666.65
1434.71
1529.09
1643.17
1699.56
1567.19
705.03
433.05
1767.33
1751.98
955.16
718.67
1483.36
1072.58
1286.78
1075.29
1642.71
1487.05
1830.28
926.98
1767.14
706.41
1895.74
1863.03
1587.80
1322.30
1474.53
835.69
2038.90
1335.88
1215.03
1663.40
907.26
914.53
594.27
1041.68
399.05
1876.67
1907.06
1690.30
1372.17
1154.56
637.41
1596.79
1677.23
1110.08
514.40
1472.97
1459.63
522.42
1340.75
767.34
890.49
1145.91
1912.22
756.57
599.64
1189.21
2041.07
1423.21
1793.59
1943.65
1228.05
1623.82
1955.30
1289.22
921.79
1047.91
1623.20
1219.95
1635.80
1121.46
1609.16
1821.52
1551.42
1283.84
1897.72
1754.93
1323.46
1753.24
1535.10
1016.48
1785.73
1598.78
1426.65
1549.54
1757.30
1350.11
552.80
1526.02
890.06
924.62
284.60
1731.42
1867.39
1848.27
1211.58
1595.71
1810.37
1820.95
1554.99
1294.39
1384.56
646.91
1770.77
1722.77
1095.39
1625.99
1188.46
1721.68
1955.96
1600.05
702.45
901.15
1527.59
1959.71
1429.77
1124.94
595.67
1357.60
1141.74
1989.76
1533.14
1788.44
1548.35
911.57
1965.49
1432.84
1607.83
1080.89
1519.12
1292.32
1063.38
1371.69
1594.49
1495.75
1476.65
1783.76
1183.10
840.78
957.59
1746.03
1744.88
1582.54
1374.87
1175.33
1358.11
774.65
1919.18
1114.66
1840.15
877.17
1478.88
703.13
1682.37
1218.33
1046.41
310.33
1751.70
1810.37
679.01
1097.87
1963.27
1882.63
1252.25
1929.21
1474.82
1577.93
1555.87
1422.79
1958.40
1103.71
612.99
1921.24
1459.63
1549.11
1722.58
2093.18
1497.35
1631.44
1672.98
1381.80
1159.25
1293.67
1401.48
1510.46
1389.53
2067.06
1532.90
1586.44
1644.50
1699.56
921.09
1990.97
1049.22
1378.95
1338.50
1519.43
1887.65
641.84
1220.48
1260.58
2135.60
1732.59
990.56
1802.25
1712.56
1676.11
1540.38
964.26
931.21
1711.77
488.25
2061.01
1923.88
2040.24
1810.37
1477.65
1558.20
1489.96
1884.58
337.53
1699.56
1158.21
1205.04
1920.17
1414.27
1116.37
1587.80
1699.56
1580.72
1393.23
1542.55
1424.67
1747.83
800.78
1370.44
1066.75
1069.50
623.45
670.46
1088.13
1644.44
633.73
1426.63
804.83
1587.80
1771.78
1805.50
1562.15
1886.37
1495.76
1309.83
1656.09
1894.22
1114.99
622.88
1168.72
1735.11
1698.74
1798.97
1878.93
725.60
565.87
1801.59
1255.10
1832.41
920.13
1980.74
1158.50
1664.77
1250.86
1116.02
1499.21
1442.55
2031.05
1374.21
1897.19
1393.07
1810.37
1648.88
1675.08
1972.80
1555.64
1531.31
1360.12
1990.76
1382.96
705.96
1474.35
1471.69
1498.95
953.32
1503.69
1297.98
1694.04
1567.18
1793.66
1233.36
1413.59
1575.69
525.34
1570.06
1475.46
2034.57
1949.34
642.98
720.13
1575.10
1960.69
1146.99
1890.02
697.75
1140.61
1294.54
784.67
1963.29
1466.42
1082.42
1769.19
875.98
1480.86
949.39
777.18
1547.65
1559.55
1963.90
1510.02
1805.05
1699.56
1046.54
1810.10
1726.51
1640.24
1819.74
429.43
1810.37
1212.05
1762.32
540.45
673.50
1911.98
1803.80
1362.22
894.81
1400.84
1918.71
1742.05
1277.41
1657.90
1573.44
1459.16
1801.71
1585.85
1582.43
1104.80
1236.27
754.61
1660.69
1995.52
1424.04
1857.47
2027.86
2024.17
1615.22
1552.27
902.41
1053.75
1495.23
670.81
1430.09
1491.65
1897.19
1271.44
1673.83
1532.31
1661.20
1707.60
1379.42
1781.56
190.13
1134.59
695.21
1447.14
857.64
1896.97
723.36
1905.82
1484.63
1254.46
1129.73
388.58
937.29
1719.52
1587.80
1644.06
1231.26
886.30
1475.40
1241.41
1600.23
1091.08
839.99
1523.96
1271.63
1915.37
881.02
1264.04
437.65
776.64
1648.22
1606.80
1748.12
1375.68
1672.05
1496.73
1811.80
1326.04
1193.72
1802.72
1549.54
1622.98
665.53
1360.44
1628.46
296.42
1912.38
1806.55
1136.52
1462.10
1044.52
1575.57
1197.79
1634.85
1541.47
1435.40
815.04
1810.37
1553.39
1673.27
1138.76
1145.78
1826.78
547.25
1643.43
1787.11
1069.74
1337.81
1875.64
1713.30
959.87
1700.97
1110.95
1187.86
1309.46
1815.02
1007.67
1328.04
2023.72
1517.39
1436.86
1722.65
1663.29
1311.61
1242.69
1454.81
1351.59
820.38
1298.74
1318.28
487.11
1636.63
472.59
1531.67
1283.90
1810.37
1703.67
1767.11
1426.95
1446.56
490.22
840.96
1425.33
1855.13
1123.67
1548.17
1804.96
834.60
1406.00
1526.53
1194.95
1544.24
423.60
2058.74
1431.32
919.55
738.98
582.13
1961.32
1434.74
1296.77
1868.47
1897.19
1445.58
1667.55
1525.17
934.67
1733.74
1627.32
1624.91
1608.43
1505.70
1950.09
1490.01
1810.37
925.43
1003.08
1810.37
1718.45
1475.40
904.79
1855.35
1421.70
1627.20
1668.04
1491.09
1534.45
1181.06
1593.48
1318.77
2064.69
1249.07
1665.84
1683.24
1512.02
1964.80
1251.53
1421.57
1504.69
1580.82
1475.40
980.63
985.76
1643.48
1384.26
1837.90
1512.02
1205.74
859.53
1198.55
1060.88
2002.62
1462.04
1163.25
1940.47
1475.40
1677.55
2105.93
1785.63
1635.83
1541.75
1534.14
1200.20
617.69
1580.93
1901.37
1751.98
1693.47
2066.70
1547.13
1815.01
1217.44
1091.91
1270.44
1810.37
1558.75
1610.85
1213.68
1615.18
1741.32
907.71
2001.83
1353.69
1946.35
2045.65
1280.89
754.45
1455.01
1858.75
1794.52
1658.47
905.04
1932.33
1796.10
1803.81
1475.40
1626.19
2014.21
493.34
648.24
1475.40
984.58
1456.83
1162.62
1845.76
1218.10
1172.37
1314.54
1143.90
1646.22
1612.54
1211.48
1172.61
1673.91
736.94
1387.63
1033.92
1944.23
1463.69
1447.62
1310.19
1493.26
1810.37
1336.12
1190.97
457.86
832.00
1444.80
858.80
1430.63
1523.95
1535.83
1953.28
1855.43
1783.27
1527.31
1810.37
1411.11
1810.78
1450.91
1679.59
1920.81
2087.19
1438.07
1780.19
1456.75
1612.71
1750.75
1154.10
1411.07
1946.58
1775.49
1453.07
892.18
1599.67
2013.45
1555.03
1736.56
1016.99
1885.51
846.28
1661.45
609.32
1270.69
1650.68
735.82
1499.54
567.50
1897.19
1859.43
1642.20
1170.35
1406.83
1570.72
2107.96
1749.46
1465.98
1719.36
1302.11
1034.40
1742.49
1170.07
1449.14
1181.38
1548.93
1895.87
1854.65
1895.97
1502.45
972.46
1933.89
1438.46
1601.79
1471.10
1611.53
1172.97
950.89
1228.70
1636.26
1333.50
1642.91
1382.71
1619.68
1706.41
1678.35
2004.77
1703.38
439.15
1333.18
1162.58
1475.40
1936.34
838.24
1703.74
1803.69
1113.54
1324.91
1974.88
1906.71
1391.50
1612.33
456.08
832.92
1083.54
1626.25
1517.32
1459.63
1656.10
1647.92
1515.90
1626.07
629.62
1548.71
1813.29
1887.19
1817.79
1829.87
1463.99
937.04
874.88
1510.13
843.18
1527.07
1490.22
1689.58
830.47
1684.91
1884.55
850.99
929.77
896.95
1130.39
1810.37
1335.46
1833.61
1842.79
1664.87
1071.50
1587.80
1075.87
1570.05
1603.70
1211.57
1659.26
1503.35
1220.37
907.16
1417.66
887.38
1945.00
1239.80
1192.86
1534.50
1468.12
773.73
1216.06
1473.59
907.58
675.55
717.97
401.31
1263.22
1851.44
709.54
1640.56
1630.19
1732.81
1587.80
1724.60
1841.72
828.38
1382.89
1936.58
1476.84
1863.70
1266.94
1391.43
1663.17
1255.03
1432.14
1124.75
1601.83
1764.74
1540.85
1228.19
1763.82
771.66
1170.13
1045.65
1634.57
1029.25
1348.81
1004.51
1064.73
1392.30
1236.02
855.02
340.04
1668.23
922.53
837.33
1900.42
988.67
1900.91
1431.64
1655.60
1787.58
1475.40
974.02
1760.31
1755.68
1817.13
820.65
1150.24
902.58
1591.85
723.93
1539.59
1459.63
1418.19
1889.67
1118.22
1019.10
1617.04
1543.24
2153.52
1846.45
1448.51
1738.95
1585.71
795.30
1608.22
977.15
1840.71
1153.05
320.46
804.04
1193.10
1649.12
1922.68
1047.35
1351.39
1453.85
875.55
1405.59
1688.01
1481.41
1573.89
2059.90
739.04
1532.14
797.65
1920.15
1136.38
1264.28
1292.58
1890.56
1412.95
1221.36
2003.20
1549.04
1290.38
1782.27
1550.28
1437.41
2039.39
1543.93
1141.99
1567.21
1475.65
1551.65
1204.82
1733.22
1071.35
1537.69
1572.15
1849.05
1746.91
2039.66
2010.13
735.19
1498.96
1637.94
1437.96
605.56
877.77
1148.51
1902.93
1258.62
1475.40
1889.67
858.44
1505.61
1634.59
1810.37
616.59
1359.50
1738.66
1612.09
1055.62
1149.29
1918.50
1747.65
1604.66
1746.94
1534.99
509.95
1860.32
1533.18
1198.35
1996.45
1403.27
1108.29
1247.26
1720.14
1810.37
1839.59
1777.38
881.55
1720.61
1229.55
1718.15
1883.99
1459.63
1630.62
1389.63
1712.21
833.78
680.25
1068.82
1475.40
1850.93
1015.58
1806.72
1331.21
1382.17
1561.65
1633.06
512.53
1333.14
1856.72
2019.32
1404.75
870.55
1137.08
1514.16
2078.98
1220.13
1857.82
1350.03
1942.64
1466.16
1896.04
840.62
1476.39
1341.92
1150.80
1565.99
1108.47
890.48
1613.27
1247.42
1158.22
1510.22
1713.40
1659.89
1355.46
1459.55
1283.87
2088.62
1559.86
1632.43
1141.85
1131.74
1850.81
1594.18
1447.45
671.98
1379.36
1837.16
1619.30
1813.48
1994.93
879.90
1359.38
1771.46
1538.06
1049.95
1897.19
712.39
1564.71
1578.55
1549.54
1283.23
699.31
1369.54
1694.34
1081.63
1585.02
1104.89
1422.92
1591.40
1419.62
1362.69
1614.55
1556.89
1740.66
375.10
1218.20
1124.29
1579.78
1701.63
519.74
1231.30
1447.67
1446.23
1887.46
1289.42
1871.69
1830.25
1084.34
1553.43
1868.52
1378.26
1614.60
1730.77
894.90
2054.23
1475.40
1249.85
1569.92
1709.25
1581.36
521.88
1633.35
1833.06
768.09
1736.39
1511.47
1536.01
1371.54
880.17
780.99
1659.23
1700.76
1328.79
1185.42
1991.48
462.89
1789.11
763.73
1411.47
739.76
1397.73
1578.79
941.32
831.67
1529.54
642.80
1763.59
1283.67
1249.80
1798.20
1257.75
1587.80
1289.37
1251.58
1335.32
1511.35
1475.40
1459.63
923.32
748.26
1030.46
534.69
2061.13
1810.37
1373.17
1320.09
357.24
1149.64
1331.94
1485.56
1246.26
2038.36
1416.98
1400.40
1391.54
1880.19
1862.14
1771.42
1627.63
1285.01
1857.20
1854.82
1407.60
1564.24
1594.32
678.92
1810.37
1311.71
1010.53
2030.61
1872.84
1828.86
1249.09
1524.81
821.96
878.65
1803.11
1315.66
1616.60
538.22
1384.81
1753.88
769.64
1593.24
1810.37
1818.13
261.36
1494.68
2096.94
1902.35
966.80
1547.03
1520.67
1789.69
1735.56
1912.27
1590.90
1587.65
736.41
1578.48
1155.53
837.65
1412.96
163.12
1874.59
832.22
919.80
1585.49
1254.53
1907.38
1280.78
1862.39
1855.83
821.02
1910.42
1642.11
1975.79
653.76
689.95
1579.83
1730.63
1605.63
603.65
1776.25
2007.81
1118.28
1100.14
740.61
1684.47
1876.87
1650.38
1973.23
1721.74
1499.40
590.88
1122.64
1583.79
2029.95
1738.60
1750.56
729.65
1608.97
1334.78
2013.82
1254.58
1350.63
1687.44
1547.53
769.66
1751.39
1476.29
1498.09
1641.05
1342.32
1307.70
1361.43
1939.36
719.05
1031.70
1929.42
1613.72
662.42
1566.40
1459.63
1563.58
1688.85
1958.98
1475.40
1185.53
1774.94
1468.01
939.97
1023.88
1360.17
1091.55
1416.14
1273.58
1413.74
1902.62
1590.44
889.26
1692.65
1606.92
1386.31
1352.24
1963.99
1739.82
1637.78
1745.92
1531.97
1892.79
1635.74
1877.96
1844.11
1232.68
1560.08
1530.77
1418.10
1810.37
1731.53
1913.57
1585.16
1827.04
1826.23
601.62
1381.07
820.95
1801.01
1689.75
1682.08
1384.07
625.57
1390.24
1433.68
1475.40
1323.07
1870.19
1944.12
1375.75
1831.39
607.22
1575.11
1041.60
1413.89
1183.03
1274.66
1650.42
1690.34
1219.98
573.08
1421.18
1351.85
1349.48
1689.71
1810.37
1789.83
1650.58
1708.03
1517.70
1495.91
1248.55
1230.00
1544.28
1906.78
1166.38
1024.33
1872.96
667.88
1723.06
1481.79
1376.22
1461.56
1788.09
1475.40
1976.32
1884.35
905.70
1672.22
1380.51
703.99
1363.36
860.56
1762.59
1922.18
1551.55
1352.27
1689.27
388.49
1745.80
1206.17
1292.14
1633.18
1078.48
937.88
1763.54
974.18
1349.56
1790.15
771.01
1549.54
772.02
627.71
1442.71
1702.31
1189.81
953.64
1516.92
907.64
1920.78
1599.08
1586.19
1631.62
1334.55
1810.37
738.30
1664.26
1871.93
695.01
765.91
954.41
1698.09
2024.12
1134.72
1932.19
1401.07
1247.86
1928.02
1351.90
1902.93
931.49
1337.57
1517.32
915.37
1808.09
1237.70
1185.73
1843.81
1392.61
1071.85
1738.54
1957.87
1553.80
1731.98
1475.40
1253.96
1353.79
1519.99
1270.39
1902.87
1524.92
1506.58
1264.60
744.51
1809.98
1440.43
1280.27
1431.85
1993.51
2114.36
787.55
1613.95
1746.33
797.82
425.45
1491.17
1463.93
1251.56
1098.91
785.11
1681.58
1657.16
1461.42
1795.95
1704.29
1301.29
1008.68
1603.27
957.04
1168.33
1682.84
1316.61
1356.02
680.65
1165.69
1810.97
1981.65
1810.37
1957.63
1217.93
1595.98
1596.99
1239.00
1241.48
1835.31
1174.64
1681.90
1575.55
1909.96
1450.84
1299.36
1341.82
1797.25
924.23
874.20
1352.60
1563.61
917.10
1010.12
1059.59
1291.57
1685.10
1380.51
1569.90
1903.35
1324.29
1656.25
306.94
387.61
1736.97
1652.52
888.32
1830.63
865.46
1208.40
701.65
1572.40
1236.20
2014.44
782.02
1513.51
1371.32
637.01
1854.69
1185.13
533.79
1430.19
1592.57
1688.87
1206.72
1832.05
1404.85
542.83
1870.86
1985.63
1472.27
1805.99
1131.07
2050.56
1411.18
1765.76
1010.11
1388.54
944.92
1234.20
1639.07
1587.80
1368.15
1467.31
571.26
730.92
1509.76
1528.06
1746.90
1864.32
1558.33
858.52
1571.73
1131.03
926.45
1522.88
750.84
1413.54
1492.35
1390.04
1251.13
1732.31
1154.60
922.21
1806.65
1339.78
1834.48
844.17
817.72
1897.19
1170.78
1443.14
1670.37
1593.04
1386.92
267.34
1953.19
1392.61
1752.18
1517.77
1470.42
1238.93
1956.32
1810.37
1820.31
1562.16
1682.78
824.12
1833.43
1587.80
1474.67
1704.65
1898.38
1587.80
1325.40
1769.22
1767.24
1135.48
1810.37
1299.92
881.57
758.94
1730.41
1931.26
1431.17
88.37
1516.48
759.65
1639.75
1456.96
1110.30
1425.34
1522.41
1459.63
1077.99
1825.94
1299.77
1134.73
1145.31
1632.25
1457.04
1450.14
272.54
1338.63
973.54
1880.84
1365.80
1594.06
1172.20
2066.03
1774.16
1251.18
1848.75
1292.25
1049.92
1495.52
1202.70
1650.30
1661.90
1553.66
660.47
1610.34
1392.59
1204.47
1973.81
1429.02
1748.76
1070.15
1587.80
990.24
2006.42
1518.19
1996.63
1650.39
1537.81
960.37
1179.46
1472.90
775.69
1418.16
1095.00
1200.18
1107.01
1772.55
1730.75
1479.81
1140.11
945.92
1607.83
2025.12
1805.71
669.14
1207.05
1247.63
1459.63
1405.45
1632.80
1810.37
1416.08
345.22
1485.22
1712.61
1401.66
1459.63
960.91
1800.45
1618.05
1168.41
683.21
2095.60
1124.67
1684.39
1810.37
1440.53
1879.79
1269.26
1457.10
1919.28
435.15
1230.04
363.37
1779.87
802.15
950.13
1820.88
1661.91
865.39
1351.75
1515.41
1932.01
1850.54
362.11
1610.43
1039.39
2032.95
1208.63
1855.30
1784.03
1967.63
1444.44
1671.08
1236.23
1477.89
640.14
1663.96
1470.75
1076.64
1151.40
1810.37
1475.40
1648.59
280.19
1810.37
1810.37
1187.16
1187.82
715.87
1448.76
1151.93
1159.05
1284.35
1150.50
1500.11
1380.53
850.37
1598.55
1481.91
1500.00
1389.62
1484.34
1678.19
1942.03
1175.02
1151.92
1049.34
1583.83
863.12
759.56
1322.19
955.33
1841.70
1422.08
835.35
1823.91
1079.34
1952.11
1288.90
1129.06
1304.71
722.69
1310.31
1359.90
1490.74
1942.45
956.01
1245.44
1332.59
1648.41
622.84
1410.74
1475.40
991.83
1822.73
2038.65
1232.93
1307.75
360.94
1669.85
1652.26
1347.72
1237.96
611.58
1929.82
1269.02
1770.44
1237.69
933.13
1977.83
1632.21
1539.32
1034.64
1575.41
1554.48
1358.55
1203.37
921.48
1306.92
1254.48
1355.02
1400.33
729.77
1428.49
1054.34
1365.64
1392.73
1602.70
1845.39
958.75
1203.60
1864.26
1020.22
1459.63
1079.96
1655.75
1257.77
1278.88
1560.43
1518.57
1710.47
738.56
1345.84
1871.34
1757.16
1741.94
1443.34
1913.11
1725.52
1823.97
1579.81
1416.32
1587.39
1771.05
1587.80
1236.05
1386.93
1458.31
1392.29
698.40
1303.74
1906.45
1354.21
1623.74
1857.03
689.10
1461.43
874.30
1557.51
2048.47
298.64
1448.27
1343.30
1580.40
1453.15
1070.25
1495.14
777.73
567.82
1297.41
1654.73
1947.50
1775.46
1801.93
1571.33
1725.82
1620.07
1857.73
895.20
1697.60
525.24
913.54
937.54
1326.11
946.57
1629.23
1134.80
1575.45
1615.76
1678.94
1404.91
1360.46
1660.20
1349.78
1646.74
1825.72
1679.12
1172.70
1228.15
1810.37
1213.42
1445.37
1118.53
849.95
1359.23
1685.57
997.60
784.30
1165.40
1752.56
1442.21
1279.96
888.37
1803.96
1547.38
1614.80
1710.67
1475.40
1327.99
642.74
1396.81
897.94
768.67
1709.59
1446.80
1249.23
2008.57
1064.82
1312.83
981.36
948.38
1023.41
1259.96
1409.37
1517.34
957.15
1387.79
2000.19
1431.31
1380.30
1810.37
1592.66
2004.52
1300.11
910.80
1585.98
1565.85
1420.09
1150.79
1512.07
1122.82
560.30
1708.15
1565.49
760.54
1307.75
1226.05
1075.00
1533.33
619.20
1274.85
1222.38
1747.49
1568.66
1777.11
1806.10
1429.72
1338.21
1681.29
1853.04
1713.63
1835.27
1720.15
1582.71
1767.62
1213.67
1435.94
1135.95
1078.72
1779.26
1559.69
1062.20
1707.18
715.44
1711.83
1475.40
1025.71
924.67
1894.33
1575.40
1469.41
1631.75
1338.14
1418.57
863.32
1295.93
1035.85
1363.79
1796.63
1010.62
1310.89
1377.82
1150.19
1312.54
1023.47
1562.42
1878.16
895.54
1250.25
667.27
1581.30
512.00
1050.86
859.80
1358.86
1602.31
1728.65
1953.24
1302.25
926.83
758.44
926.30
1945.52
1810.37
1471.63
1437.06
1563.54
1405.66
1901.27
1555.61
1364.03
1736.30
2092.43
1960.57
1553.18
1467.43
782.34
1598.85
1260.23
1459.48
1394.51
904.73
647.33
1920.16
1433.57
817.62
1495.68
1578.43
1315.70
1560.96
1820.46
955.59
728.58
1307.46
1575.26
648.84
608.81
492.40
1654.53
1710.52
1336.24
1811.10
1245.06
1867.07
1562.55
1439.55
1686.24
1938.25
1578.22
1355.19
1509.26
871.27
745.00
1579.76
1510.43
1566.56
1630.41
1065.12
1802.95
1758.05
1708.67
2001.40
1605.53
1810.37
1349.55
2040.53
1864.66
1078.03
858.24
617.00
1798.79
1036.80
1481.82
1769.20
1502.54
1077.59
1327.97
1265.79
1531.70
759.25
1249.25
1742.82
864.11
1682.68
1135.38
1699.56
1372.68
1277.25
1002.86
1523.72
1624.71
1549.54
1524.54
1117.37
1603.27
1352.79
1417.13
1475.40
1765.75
966.66
1828.88
1744.65
1685.20
557.96
614.36
1977.55
1008.35
774.89
1496.26
1091.17
1603.89
1254.06
1570.78
1791.72
1703.66
1495.42
1945.48
1737.08
1344.77
1605.51
1445.24
1549.54
1055.61
1086.49
1516.76
1465.82
1345.46
1438.16
1699.56
1334.37
1576.38
1819.14
550.24
702.66
1712.11
1461.83
1702.14
1810.37
1459.63
1256.90
890.63
1723.09
1374.78
962.15
1816.27
1410.82
1803.62
1459.63
1798.55
1115.43
1454.97
1642.37
1814.72
1880.90
949.98
665.33
1211.74
1603.36
957.61
800.10
1755.63
1383.28
1897.19
1283.71
1810.37
1968.70
1712.35
1046.95
1501.63
1661.65
1196.01
911.27
654.11
1260.28
1823.15
1611.93
718.09
1398.62
1379.47
1656.08
1422.18
1853.98
2032.73
1742.48
1449.71
1982.31
903.61
1186.86
546.35
1810.37
1402.96
1286.78
1524.75
1555.36
1959.71
1853.31
1752.46
1738.18
1464.76
1413.25
1664.64
1923.38
1916.66
1394.03
885.79
1614.39
1592.27
1130.08
1346.50
1475.40
1826.52
1170.14
1100.26
1267.28
495.01
1427.36
1548.87
1481.05
1326.46
1159.29
1192.05
1463.69
1021.79
511.14
1459.63
908.90
1663.20
1003.61
1773.84
553.05
1824.56
1925.40
1649.71
1507.94
1820.64
1395.30
1732.48
495.63
1206.53
2046.20
1019.61
1278.18
1317.10
1547.18
356.99
1450.11
1524.66
1389.69
2012.66
1928.41
439.53
1502.51
392.42
1580.65
1394.86
1696.17
1303.87
1822.13
1884.27
491.21
265.52
1384.92
1072.67
1209.77
1366.49
866.52
1570.91
910.04
1723.46
1475.06
893.61
716.09
1258.67
1577.44
1657.60
718.95
1582.65
1593.67
1179.97
650.77
803.98
1461.56
1307.75
1108.09
1385.68
897.05
1620.73
632.26
1245.72
1713.15
1648.73
1844.91
1645.36
1233.63
775.38
1817.43
723.53
1424.21
1217.02
1502.64
1257.06
1454.69
1396.12
1511.96
1397.79
1606.92
1857.60
1936.05
1797.33
804.03
1757.91
1220.74
1502.08
1886.64
1517.57
1810.37
454.47
1355.03
1261.71
1712.57
1454.50
1802.08
1765.83
836.48
1568.11
1616.44
1823.55
1273.56
998.63
823.45
1339.00
2030.60
933.03
1732.46
1408.94
1190.41
578.68
1727.75
897.07
1487.06
729.56
1127.17
1166.82
1392.75
1710.66
1969.07
892.84
1541.72
811.01
587.86
1310.81
1137.77
745.30
1524.81
1739.90
1509.26
1549.54
1248.61
1374.32
1549.54
1411.48
1163.14
1204.13
1263.28
458.91
759.68
1576.49
1234.07
1163.21
1023.00
1412.68
1255.69
923.51
1691.25
855.20
1072.01
1213.58
1649.41
1490.40
1044.04
1503.10
1622.62
1669.75
1442.15
1961.71
1459.63
1502.36
1990.86
1015.37
1689.15
1408.72
1711.31
1412.61
1393.74
1784.14
1447.11
1839.88
1898.23
1869.32
1849.14
1642.62
792.42
1601.41
736.85
1633.85
1438.32
1018.54
1565.90
2127.74
1791.65
1898.62
1344.61
1161.79
1471.90
1532.95
1738.61
1702.57
600.55
1500.33
602.34
1464.12
1924.13
1388.13
1552.17
1062.10
808.41
1540.91
1310.46
1422.67
1369.47
1500.74
2008.20
1592.91
597.25
1256.65
1810.37
1223.50
1443.93
1561.51
1610.58
1192.17
652.33
349.50
1874.93
991.17
1810.37
1872.92
1566.75
1507.55
1896.43
941.08
1244.40
1392.63
1386.28
1346.16
753.84
1827.32
1666.58
1312.01
425.75
1164.47
1475.42
1457.17
1183.00
1856.68
835.97
627.19
1355.62
1187.38
1813.77
1475.40
1124.05
1888.42
1859.09
1791.77
1368.22
1252.92
685.71
1584.26
1473.67
1801.55
381.77
1762.89
1716.88
1761.18
1437.98
1851.81
1076.08
604.88
1750.01
1670.51
1592.25
1475.40
1135.04
1336.14
1122.73
1087.21
1816.51
1076.98
1396.45
1457.72
1049.63
926.45
1601.92
2103.55
1411.37
635.38
1410.33
1072.52
1521.90
1512.75
1266.57
1810.37
1423.43
1507.26
1885.28
1655.37
1103.93
1645.21
2017.20
1102.36
1487.97
1455.24
1050.59
96.17
1565.50
1196.98
1597.28
836.19
1493.61
1034.87
1502.49
1423.28
901.13
1458.04
1965.06
804.51
2040.37
1128.97
1199.63
964.34
1503.20
2003.14
1549.44
1395.51
1443.17
1042.87
887.00
1772.87
1231.33
1801.17
1629.99
1643.66
1215.19
1519.16
1435.93
1848.85
1436.58
1389.35
1810.37
815.64
1798.17
1687.16
1775.70
1719.79
1833.69
1119.59
1753.98
427.32
1267.86
949.83
1364.45
763.20
1949.11
1459.63
1419.60
1033.48
1731.50
946.49
137.04
880.15
1217.82
1828.29
1964.10
1847.74
1566.38
1848.74
1161.15
1810.37
924.60
1264.39
1465.30
821.43
865.72
1608.22
1252.82
741.83
1304.40
1656.09
1462.39
1615.09
1775.16
1294.74
1939.89
1707.08
1403.04
1754.83
1474.76
1264.13
1100.81
1036.41
637.03
1700.98
1618.54
1722.78
1436.34
1301.19
1242.22
1221.07
819.84
1801.34
1716.19
1525.03
1904.72
1602.63
1490.12
1849.88
913.97
1193.63
816.32
1702.79
1350.77
1052.39
1264.52
1717.43
1762.82
1460.41
1395.91
781.55
1960.80
878.39
1394.93
1649.30
1437.85
1441.41
1383.14
1442.17
1468.72
998.37
2007.25
1590.71
970.11
1764.97
1302.33
1777.41
643.21
1819.55
1496.21
564.48
1131.14
286.15
297.30
1431.10
1239.85
1301.16
1565.84
1375.34
1390.51
1656.35
1982.81
587.52
1579.91
697.21
1532.23
1393.21
1185.17
1027.08
1707.95
1620.18
1453.10
1475.40
1330.85
1124.12
1667.10
1439.01
1585.47
1282.47
1761.00
383.22
1284.28
1098.45
1128.52
1777.82
735.22
1155.93
1944.28
1446.85
1319.44
465.44
1320.23
1298.72
694.61
1276.09
720.18
1516.36
1549.16
2063.59
1365.15
1795.21
846.33
1810.37
1755.65
1623.61
1613.81
1960.32
1266.59
401.99
1310.20
1446.51
2126.74
1744.90
1524.42
977.37
1649.31
985.14
1434.42
834.25
1764.98
1392.68
1299.17
1768.12
1596.04
1996.03
1652.04
123.58
1503.30
1672.71
1023.17
1258.06
1344.97
1510.22
1475.40
1007.29
2032.34
1494.01
1475.43
1831.00
1898.09
1697.94
1246.69
1610.19
1543.94
1422.95
414.72
1654.46
1765.50
1569.37
1223.37
1847.13
707.28
502.58
639.43
1835.24
1352.14
